7.530669835964016 1.0 6.579438564323077 0 0 0
7.530669835964016 1.0 6.579438564323077 0 0 0
7.455363137604376 1.0 6.513644178679846 0 0 0
7.52012572873875 1.0 6.438766110363188 0 0 0
7.596086594685606 1.0 6.503804151882008 0 0 0
7.596086594685606 1.0 6.503804151882008 0 0 0
7.660743751077779 1.0 6.427519364445569 0 0 0
7.737351188588557 1.0 6.4917945580900245 0 0 0
7.7246348394787745 1.0 6.350591830428934 0 0 0
7.647388491083987 1.0 6.287085912124645 0 0 0
7.631998401416338 1.0 6.147568657670971 0 0 0
7.554120866708009 1.0 6.084838365245758 0 0 0
7.536089599996715 1.0 5.947045782640434 0 0 0
7.457588666663416 1.0 5.885097389071263 0 0 0
7.379087733330118 1.0 5.823148995502092 0 0 0
7.379087733330118 1.0 5.823148995502092 0 0 0
7.516065783383453 1.0 5.810228492912521 0 0 0
7.494067180843378 1.0 5.674412488443736 0 0 0
7.47011187614613 1.0 5.539623503259096 0 0 0
7.47011187614613 1.0 5.539623503259096 0 0 0
7.5251336854314825 1.0 5.464646650643062 0 0 0
7.606049101403864 1.0 5.523406292047826 0 0 0
7.579402987619216 1.0 5.38912333791582 0 0 0
7.497904030763095 1.0 5.331175775142532 0 0 0
7.416405073906975 1.0 5.2732282123692436 0 0 0
7.3349061170508545 1.0 5.215280649595956 0 0 0
7.3349061170508545 1.0 5.215280649595956 0 0 0
7.304616964175978 1.0 5.08454235961041 0 0 0
7.386691312088067 1.0 5.141672049044234 0 0 0
7.304616964175978 1.0 5.08454235961041 0 0 0
7.437737844149626 1.0 5.067549285572321 0 0 0
7.488040608624864 1.0 4.992919771394793 0 0 0
7.4048401574179215 1.0 4.937442885045963 0 0 0
7.370092473606381 1.0 4.808506725636416 0 0 0
7.453843524442817 1.0 4.863148847518648 0 0 0
7.417808237896146 1.0 4.734566605910213 0 0 0
7.333514962465508 1.0 4.680764712661233 0 0 0
7.464782227543607 1.0 4.660153033468877 0 0 0
7.5963621286570016 1.0 4.63737882971682 0 0 0
7.511009745188946 1.0 4.585273449607642 0 0 0
7.470617007117569 1.0 4.4586860769699665 0 0 0
7.340304978252834 1.0 4.481062689389287 0 0 0
7.298878685114866 1.0 4.35618754646491 0 0 0
7.342074893658821 1.0 4.2829821685252085 0 0 0
7.471413805547454 1.0 4.258870242948827 0 0 0
7.471413805547454 1.0 4.258870242948827 0 0 0
7.384536900831786 1.0 4.209348495937794 0 0 0
7.426260460468428 1.0 4.135293892008566 0 0 0
7.467241400247553 1.0 4.060825762136202 0 0 0
7.379391501421111 1.0 4.0130513414051885 0 0 0
7.419152379496282 1.0 3.9390580053884396 0 0 0
7.3308291368832315 1.0 3.892164457705244 0 0 0
7.3308291368832315 1.0 3.892164457705244 0 0 0
7.2805958402181075 1.0 3.772654796214317 0 0 0
7.2805958402181075 1.0 3.772654796214317 0 0 0
7.22871434566563 1.0 3.654543597874847 0 0 0
7.139470958682105 1.0 3.609425775678861 0 0 0
7.085517548744052 1.0 3.4936286388853923 0 0 0
7.029971144750126 1.0 3.379275914153908 0 0 0
6.939843309561022 1.0 3.335951863972448 0 0 0
6.8822987208215896 1.0 3.22396717064204 0 0 0
6.7917421587055165 1.0 3.1815465499756974 0 0 0
6.914193743134409 1.0 3.154984133462659 0 0 0
6.945397351834723 1.0 3.085685600499076 0 0 0
6.823217509672115 1.0 3.1134711843381506 0 0 0
6.945397351834723 1.0 3.085685600499076 0 0 0
6.945397351834723 1.0 3.085685600499076 0 0 0
7.036784159095705 1.0 3.1262867268214323 0 0 0
7.036784159095705 1.0 3.1262867268214323 0 0 0
7.159482911497867 1.0 3.0954489884296503 0 0 0
7.097898415412649 1.0 2.98493518932702 0 0 0
7.034828840481134 1.0 2.8759664784442447 0 0 0
6.970298967857934 1.0 2.7685614132033924 0 0 0
6.997635608521261 1.0 2.6987211583184023 0 0 0
7.024272491455079 1.0 2.6286110335665076 0 0 0
6.930615524902345 1.0 2.5935628864522875 0 0 0
6.836958558349611 1.0 2.5585147393380674 0 0 0
6.768198674873563 1.0 2.4559085279056876 0 0 0
6.67419591550032 1.0 2.4217986872403308 0 0 0
6.67419591550032 1.0 2.4217986872403308 0 0 0
6.580193156127076 1.0 2.3876888465749744 0 0 0
6.509401487734456 1.0 2.288600504998766 0 0 0
6.4150623357383045 1.0 2.2554323817379145 0 0 0
6.320723183742154 1.0 2.222264258477063 0 0 0
6.247963311643364 1.0 2.126723878729594 0 0 0
6.268917800416179 1.0 2.0641389516273683 0 0 0
6.289245402633035 1.0 2.0013476123500893 0 0 0
6.308944085550646 1.0 1.9383561399793596 0 0 0
6.42389084718558 1.0 1.9035825129070432 0 0 0
6.538763449204449 1.0 1.8667009817718767 0 0 0
6.6535312008774214 1.0 1.82770964842636 0 0 0
6.574787270856357 1.0 1.7355611032128408 0 0 0
6.478099222755529 1.0 1.7100381458126523 0 0 0
6.494875416946784 1.0 1.645172732068125 0 0 0
6.413822992754861 1.0 1.556558581489702 0 0 0
6.413822992754861 1.0 1.556558581489702 0 0 0
6.331657515051233 1.0 1.4697323266824516 0 0 0
6.429067630667404 1.0 1.4923435932467968 0 0 0
6.346038013126323 1.0 1.4063433207989673 0 0 0
0.798016670078294 1.0 9.968107613498018 0 0 0
0.7953779463640801 1.0 9.935147046467517 0 0 0
0.7188278292684182 1.0 9.907826154134014 0 0 0
0.7164351281312307 1.0 9.874846814797388 0 0 0
0.6405833201525265 1.0 9.846921600278046 0 0 0
0.5651882749700544 1.0 9.818416064373388 0 0 0
0.4902544159880239 1.0 9.789335469674432 0 0 0
0.41719352914286173 1.0 9.792721168779545 0 0 0
0.4157861134997076 1.0 9.759685112371137 0 0 0
0.4143786978565535 1.0 9.726649055962728 0 0 0
0.4157861134997076 1.0 9.759685112371137 0 0 0
0.4143786978565535 1.0 9.726649055962728 0 0 0
0.34062682038240144 1.0 9.696424683062187 0 0 0
0.26734914428085077 1.0 9.66564307874861 0 0 0
0.19454986527236132 1.0 9.63430963743443 0 0 0
0.19521744595563212 1.0 9.667368920213152 0 0 0
0.12265400134809136 1.0 9.635493128843628 0 0 0
0.050925456554951086 1.0 9.669205669990856 0 0 0
0.050751307923324385 1.0 9.636140106120475 0 0 0
0.05057715929169768 1.0 9.603074542250093 0 0 0
0.05040301066007098 1.0 9.570008978379713 0 0 0
-0.020936444961129456 1.0 9.537052704866738 0 0 0
-0.09210058618799105 1.0 9.53663096235549 0 0 0
-0.09241990839456568 1.0 9.569695442922113 0 0 0
-0.09210058618799105 1.0 9.53663096235549 0 0 0
-0.09241990839456568 1.0 9.569695442922113 0 0 0
-0.09241990839456568 1.0 9.569695442922113 0 0 0
-0.021009033769513043 1.0 9.570118647658031 0 0 0
-0.02108162257789663 1.0 9.603184590449324 0 0 0
-0.09241990839456568 1.0 9.569695442922113 0 0 0
-0.1632595991598244 1.0 9.535678210458643 0 0 0
-0.23440952166985995 1.0 9.534194502226399 0 0 0
-0.30448703124523174 1.0 9.499130871927301 0 0 0
-0.3055463920174943 1.0 9.532179920273151 0 0 0
-0.3055463920174943 1.0 9.532179920273151 0 0 0
-0.30448703124523174 1.0 9.499130871927301 0 0 0
-0.3034276704729692 1.0 9.466081823581451 0 0 0
-0.3034276704729692 1.0 9.466081823581451 0 0 0
-0.37536030859566544 1.0 9.49659435339479 0 0 0
-0.37536030859566544 1.0 9.49659435339479 0 0 0
-0.4462126854994286 1.0 9.4935290547561 0 0 0
-0.5152413483425465 1.0 9.456918091794279 0 0 0
-0.5134424798615311 1.0 9.423901036898359 0 0 0
-0.5817033917551362 1.0 9.38680469129496 0 0 0
-0.5837485807762689 1.0 9.419807403966496 0 0 0
-0.6517307822887451 1.0 9.382202733682202 0 0 0
-0.649439386605716 1.0 9.349216200859914 0 0 0
-0.7166469342691386 1.0 9.31114133290771 0 0 0
-0.714109459511473 1.0 9.278172816658621 0 0 0
-0.7805391488936204 1.0 9.239637215975627 0 0 0
-0.7833225614367276 1.0 9.272585879930741 0 0 0
-0.7833225614367276 1.0 9.272585879930741 0 0 0
-0.7115719847538072 1.0 9.245204300409535 0 0 0
-0.714109459511473 1.0 9.278172816658621 0 0 0
-0.7115719847538072 1.0 9.245204300409535 0 0 0
-0.7777557363505132 1.0 9.206688552020513 0 0 0
-0.7064970352384758 1.0 9.179267267911358 0 0 0
-0.7777557363505132 1.0 9.206688552020513 0 0 0
-0.846433656468402 1.0 9.20062868202653 0 0 0
-0.9117896368140682 1.0 9.161153054869681 0 0 0
-0.983644284391087 1.0 9.18697240668091 0 0 0
-1.0559348292130801 1.0 9.212227682935987 0 0 0
-1.05970030625866 1.0 9.245078604147292 0 0 0
-1.05970030625866 1.0 9.245078604147292 0 0 0
-1.1246463372341158 1.0 9.204091908599311 0 0 0
-1.1890399178329127 1.0 9.162652571888318 0 0 0
-1.261877666453876 1.0 9.186283361659509 0 0 0
-1.3303898464715478 1.0 9.176611580654528 0 0 0
-1.4038161872957857 1.0 9.199116438453917 0 0 0
-1.4671881633928987 1.0 9.155735696217818 0 0 0
-1.5299911894835025 1.0 9.11192323493973 0 0 0
-1.524515695740911 1.0 9.079313714702737 0 0 0
-1.524515695740911 1.0 9.079313714702737 0 0 0
-1.4514921283783522 1.0 9.057787286015653 0 0 0
-1.513564708255728 1.0 9.014094674228746 0 0 0
-1.5080892145131366 1.0 8.981485153991752 0 0 0
-1.5693476811053582 1.0 8.937414109129481 0 0 0
-1.5636290101727939 1.0 8.904846354454387 0 0 0
-1.491662733285362 1.0 8.883656593280767 0 0 0
-1.552191668307665 1.0 8.839710845104197 0 0 0
-1.552191668307665 1.0 8.839710845104197 0 0 0
-1.624071199150784 1.0 8.860406588712626 0 0 0
-1.618109669449705 1.0 8.827882413005389 0 0 0
-1.624071199150784 1.0 8.860406588712626 0 0 0
-1.618109669449705 1.0 8.827882413005389 0 0 0
-1.67773351606152 1.0 8.783083649606626 0 0 0
-1.7496717123545305 1.0 8.802751598176723 0 0 0
-1.6839375725870303 1.0 8.815562435366571 0 0 0
-1.7496717123545305 1.0 8.802751598176723 0 0 0
-1.821996488952724 1.0 8.821833197893573 0 0 0
-1.8808440666276178 1.0 8.775660225717958 0 0 0
-1.873914556237811 1.0 8.743328449899582 0 0 0
-1.8669850458480042 1.0 8.710996674081207 0 0 0
-1.873914556237811 1.0 8.743328449899582 0 0 0
-1.939104402729502 1.0 8.72910203069127 0 0 0
-1.8669850458480042 1.0 8.710996674081207 0 0 0
-1.939104402729502 1.0 8.72910203069127 0 0 0
-1.9319338281369167 1.0 8.696822862458115 0 0 0
-2.0041862779007578 1.0 8.714389566135868 0 0 0
5.549031112104198 1.0 8.319149819356522 0 0 0
5.53258093931011 1.0 8.330098927982936 0 0 0
5.516109162276277 1.0 8.341015508309027 0 0 0
5.516109162276277 1.0 8.341015508309027 0 0 0
5.520767050223966 1.0 8.34805879089548 0 0 0
5.520767050223966 1.0 8.34805879089548 0 0 0
5.499615845323531 1.0 8.351899517706515 0 0 0
5.487731068246058 1.0 8.369812549973442 0 0 0
5.483101052856819 1.0 8.362750913674306 0 0 0
5.47847103746758 1.0 8.35568927737517 0 0 0
5.47847103746758 1.0 8.35568927737517 0 0 0
5.473841022078341 1.0 8.348627641076034 0 0 0
5.469211006689102 1.0 8.341566004776897 0 0 0
5.457332745438776 1.0 8.359428110217117 0 0 0
5.457332745438776 1.0 8.359428110217117 0 0 0
5.436201087885356 1.0 8.363116056818349 0 0 0
5.415076183320533 1.0 8.366753158034806 0 0 0
5.410488112230985 1.0 8.359664198068554 0 0 0
5.398532203873309 1.0 8.377437467531074 0 0 0
5.377407125082777 1.0 8.380982026479414 0 0 0
5.360835101743959 1.0 8.391591870972503 0 0 0
5.339710250029009 1.0 8.395043943226733 0 0 0
5.318592706428882 1.0 8.398445322766852 0 0 0
5.323110512763482 1.0 8.405579268074248 0 0 0
5.310993689460573 1.0 8.42322462882072 0 0 0
5.298827897418513 1.0 8.44085489699888 0 0 0
5.298827897418513 1.0 8.44085489699888 0 0 0
5.303317473975076 1.0 8.448006641685922 0 0 0
5.291088584368564 1.0 8.465630550448743 0 0 0
5.269888180319058 1.0 8.468900224626118 0 0 0
5.248695532622458 1.0 8.472119196781861 0 0 0
5.248695532622458 1.0 8.472119196781861 0 0 0
5.244248432080227 1.0 8.464940962563535 0 0 0
5.244248432080227 1.0 8.464940962563535 0 0 0
5.223077851754676 1.0 8.46810050232533 0 0 0
5.223077851754676 1.0 8.46810050232533 0 0 0
5.2019152800342985 1.0 8.471209455309708 0 0 0
5.223077851754676 1.0 8.46810050232533 0 0 0
5.2019152800342985 1.0 8.471209455309708 0 0 0
5.197496583754777 1.0 8.464013701498244 0 0 0
5.197496583754777 1.0 8.464013701498244 0 0 0
5.176356365883304 1.0 8.467063394062967 0 0 0
5.155224408078686 1.0 8.470062616295113 0 0 0
5.150834185080281 1.0 8.462849455285532 0 0 0
5.150834185080281 1.0 8.462849455285532 0 0 0
5.129724866586958 1.0 8.465789590407095 0 0 0
5.129724866586958 1.0 8.465789590407095 0 0 0
5.146443962081875 1.0 8.455636294275951 0 0 0
5.146443962081875 1.0 8.455636294275951 0 0 0
5.134100827201843 1.0 8.473011412782565 0 0 0
5.134100827201843 1.0 8.473011412782565 0 0 0
5.146443962081875 1.0 8.455636294275951 0 0 0
5.125348905972073 1.0 8.458567768031624 0 0 0
5.104262377682417 1.0 8.461448917296305 0 0 0
5.099900696538793 1.0 8.454218461755525 0 0 0
5.078837109033269 1.0 8.457040726782429 0 0 0
5.057782299100199 1.0 8.459812786218352 0 0 0
5.036736382853167 1.0 8.46253468580792 0 0 0
5.032417642091827 1.0 8.455278500311241 0 0 0
5.036736382853167 1.0 8.46253468580792 0 0 0
5.032417642091827 1.0 8.455278500311241 0 0 0
5.011395082761794 1.0 8.45794176603484 0 0 0
4.99038166571292 1.0 8.4605549925572 0 0 0
4.99038166571292 1.0 8.4605549925572 0 0 0
4.969377506561203 1.0 8.46311822644312 0 0 0
4.965101857960462 1.0 8.455836566002748 0 0 0
4.9608262093597215 1.0 8.448554905562379 0 0 0
4.939860218613656 1.0 8.451051323991061 0 0 0
4.952274912158241 1.0 8.433991584681639 0 0 0
4.9479992635575005 1.0 8.426709924241267 0 0 0
4.927076465372773 1.0 8.429181038199397 0 0 0
4.922815214292478 1.0 8.42189094293551 0 0 0
4.918553963212183 1.0 8.414600847671622 0 0 0
4.897669565230393 1.0 8.417005392530008 0 0 0
4.881027293361969 1.0 8.426667164989894 0 0 0
4.8767948871857065 1.0 8.419360285513331 0 0 0
4.881027293361969 1.0 8.426667164989894 0 0 0
4.8767948871857065 1.0 8.419360285513331 0 0 0
4.860148002607908 1.0 8.428980803258847 0 0 0
4.855930043702597 1.0 8.421665574458668 0 0 0
4.855930043702597 1.0 8.421665574458668 0 0 0
4.835075149254359 1.0 8.423921307462106 0 0 0
4.81423031816255 1.0 8.426127532878345 0 0 0
4.810041303154929 1.0 8.418795691159392 0 0 0
4.789221146102499 1.0 8.420944194071037 0 0 0
4.7767313082513185 1.0 8.437739995775642 0 0 0
4.755902822572755 1.0 8.439806197311556 0 0 0
4.768411296893198 1.0 8.423043315541515 0 0 0
4.764251291214138 1.0 8.41569497542445 0 0 0
4.768411296893198 1.0 8.423043315541515 0 0 0
4.74761186933323 1.0 8.425093104731019 0 0 0
4.726822977074695 1.0 8.427093611056586 0 0 0
4.722692045701952 1.0 8.419728887319776 0 0 0
4.718561114329208 1.0 8.412364163582964 0 0 0
4.6978119936254155 1.0 8.414299139342164 0 0 0
4.6811754597536 1.0 8.423565981743463 0 0 0
4.660433447231547 1.0 8.42541084746616 0 0 0
4.643775028671451 1.0 8.4346038050262 0 0 0
4.623040512268178 1.0 8.43635864724773 0 0 0
7.932130108502951 1.0 6.089442662656489 0 0 0
7.947062961159635 1.0 6.1009065126941096 0 0 0
7.961995813816319 1.0 6.11237036273173 0 0 0
7.915535853645707 1.0 6.141755623184473 0 0 0
7.930409465592521 1.0 6.153296230352506 0 0 0
7.945283077539336 1.0 6.16483683752054 0 0 0
7.898612754420022 1.0 6.194058874933558 0 0 0
7.898612754420022 1.0 6.194058874933558 0 0 0
7.851852575250451 1.0 6.222964014181796 0 0 0
7.866606523742022 1.0 6.23465721520031 0 0 0
7.8490851514798585 1.0 6.286859207927404 0 0 0
7.801968905408478 1.0 6.315356679512967 0 0 0
7.816601624995484 1.0 6.327201233689436 0 0 0
7.831234344582491 1.0 6.339045787865906 0 0 0
7.813053798651041 1.0 6.391214944331894 0 0 0
7.794543221269697 1.0 6.443364663105427 0 0 0
7.775702332034008 1.0 6.495492926500695 0 0 0
7.790150301229241 1.0 6.507562149022667 0 0 0
7.804598270424474 1.0 6.51963137154464 0 0 0
7.785302096670835 1.0 6.571884662059576 0 0 0
7.799687713716853 1.0 6.584028136371179 0 0 0
7.785302096670835 1.0 6.571884662059576 0 0 0
7.770916479624815 1.0 6.5597411877479725 0 0 0
7.751351439907931 1.0 6.61189440348819 0 0 0
7.731454939538103 1.0 6.664019766621709 0 0 0
7.697030470407812 1.0 6.703750955222508 0 0 0
7.676534238161842 1.0 6.755741560069185 0 0 0
7.662401828966744 1.0 6.743304319358578 0 0 0
7.627569933778206 1.0 6.782678809832861 0 0 0
7.606539258057459 1.0 6.834455534404167 0 0 0
7.58517720583799 1.0 6.886195213332922 0 0 0
7.599115767084443 1.0 6.898849321619568 0 0 0
7.577356806073028 1.0 6.950621533444465 0 0 0
7.591230009569637 1.0 6.963347262142381 0 0 0
7.605103213066246 1.0 6.976072990840296 0 0 0
7.591230009569637 1.0 6.963347262142381 0 0 0
7.569073241470861 1.0 7.015149287090892 0 0 0
7.546583877506613 1.0 7.066907453626176 0 0 0
7.5603252632404345 1.0 7.079775408563369 0 0 0
7.537436712685521 1.0 7.131558265005841 0 0 0
7.500606837488287 1.0 7.170283993980755 0 0 0
7.477118930065107 1.0 7.221898252792648 0 0 0
7.477118930065107 1.0 7.221898252792648 0 0 0
7.453297964082878 1.0 7.273460423322079 0 0 0
7.429143854834325 1.0 7.324968442123923 0 0 0
7.391319288954533 1.0 7.363133861520015 0 0 0
7.404656530041767 1.0 7.376420243508061 0 0 0
7.353298660093737 1.0 7.401103965584975 0 0 0
7.353298660093737 1.0 7.401103965584975 0 0 0
7.315082976791488 1.0 7.438877747119478 0 0 0
7.315082976791488 1.0 7.438877747119478 0 0 0
7.366567294985841 1.0 7.414458862598854 0 0 0
7.341482330254782 1.0 7.465723862691851 0 0 0
7.289803621196428 1.0 7.489945066628804 0 0 0
7.264191930545739 1.0 7.540948958559784 0 0 0
7.225257180673846 1.0 7.578261955919099 0 0 0
7.23824788947047 1.0 7.591887352467919 0 0 0
7.211971495122256 1.0 7.642758176077452 0 0 0
7.22489185628167 1.0 7.656450298398757 0 0 0
7.237812217441084 1.0 7.670142420720063 0 0 0
7.211062098782182 1.0 7.721076325145445 0 0 0
7.211062098782182 1.0 7.721076325145445 0 0 0
7.183978977084908 1.0 7.77193777960518 0 0 0
7.196757616664105 1.0 7.785762262114707 0 0 0
7.209536256243303 1.0 7.799586744624235 0 0 0
7.222314895822501 1.0 7.813411227133763 0 0 0
7.235093535401699 1.0 7.827235709643291 0 0 0
7.207391968521817 1.0 7.878285156930607 0 0 0
7.166720577958874 1.0 7.915301141415072 0 0 0
7.166720577958874 1.0 7.915301141415072 0 0 0
7.113295562439207 1.0 7.93808689557561 0 0 0
7.125859082146029 1.0 7.95210716371597 0 0 0
7.097299708994925 1.0 8.002787036021772 0 0 0
7.097299708994925 1.0 8.002787036021772 0 0 0
7.109790853009855 1.0 8.016871824530995 0 0 0
7.080825426316054 1.0 8.06753222786955 0 0 0
7.051526429357278 1.0 8.118106549117359 0 0 0
7.021893982433681 1.0 8.168592694410027 0 0 0
7.034166019047125 1.0 8.182868795541273 0 0 0
7.034166019047125 1.0 8.182868795541273 0 0 0
7.0041265657361915 1.0 8.233327685720663 0 0 0
6.9737536176854915 1.0 8.283693828827941 0 0 0
6.930997335886349 1.0 8.319501120853337 0 0 0
6.9000325468806 1.0 8.369613604131441 0 0 0
6.9000325468806 1.0 8.369613604131441 0 0 0
6.856834727323424 1.0 8.405040068473507 0 0 0
6.844934354038322 1.0 8.39045270881432 0 0 0
6.78980485122801 1.0 8.410946665598729 0 0 0
6.833033980753219 1.0 8.375865349155132 0 0 0
6.844934354038322 1.0 8.39045270881432 0 0 0
6.856834727323424 1.0 8.405040068473507 0 0 0
6.8252801082618 1.0 8.454892036842447 0 0 0
6.81345502258387 1.0 8.440243579761209 0 0 0
6.8252801082618 1.0 8.454892036842447 0 0 0
6.793393552151311 1.0 8.504641536055455 0 0 0
6.805143036548493 1.0 8.519350701992098 0 0 0
6.860755365295589 1.0 8.498837408086164 0 0 0
6.828642005342856 1.0 8.548769033865382 0 0 0
6.840391489740038 1.0 8.563478199802024 0 0 0
8.184923146574976 1.0 5.745174765371478 0 0 0
8.184923146574976 1.0 5.745174765371478 0 0 0
8.076718459629316 1.0 5.882409994421618 0 0 0
7.979300122552539 1.0 6.02750110362769 0 0 0
7.866368961297175 1.0 6.160873946391752 0 0 0
7.859915657256366 1.0 6.155819772995008 0 0 0
7.859915657256366 1.0 6.155819772995008 0 0 0
7.853462353215558 1.0 6.150765599598264 0 0 0
7.751215117828337 1.0 6.292142354868456 0 0 0
7.633877622816675 1.0 6.421269409893521 0 0 0
7.526755650697222 1.0 6.558989296490544 0 0 0
7.520575884301131 1.0 6.553604104845188 0 0 0
7.520575884301131 1.0 6.553604104845188 0 0 0
7.404980402262747 1.0 6.6839399785366185 0 0 0
7.411065182172905 1.0 6.689432269061746 0 0 0
7.287126432829809 1.0 6.8122372790830275 0 0 0
7.161160651980485 1.0 6.932755445600311 0 0 0
7.275150557645125 1.0 6.801041850523533 0 0 0
7.269162620052783 1.0 6.795444136243786 0 0 0
7.269162620052783 1.0 6.795444136243786 0 0 0
7.1434928450430775 1.0 6.915651153334048 0 0 0
7.0216322728192475 1.0 7.0393466406404075 0 0 0
6.897630132742991 1.0 7.1608951572878174 0 0 0
6.7715242449373925 1.0 7.280259631497854 0 0 0
6.77710685396945 1.0 7.2862616543370855 0 0 0
6.643353071159608 1.0 7.397403657615715 0 0 0
6.6378761295558135 1.0 7.391305058396544 0 0 0
6.5024164956067265 1.0 7.4999048761089835 0 0 0
6.497046891874991 1.0 7.4937115605565845 0 0 0
6.491677288143254 1.0 7.487518245004185 0 0 0
6.486307684411519 1.0 7.481324929451785 0 0 0
6.480938080679782 1.0 7.475131613899385 0 0 0
6.4755684769480455 1.0 7.468938298346986 0 0 0
6.344147453236015 1.0 7.58088513933278 0 0 0
6.344147453236015 1.0 7.58088513933278 0 0 0
6.205641443541764 1.0 7.6841427896280186 0 0 0
6.210791491647858 1.0 7.690519842730541 0 0 0
6.210791491647858 1.0 7.690519842730541 0 0 0
6.07050336786623 1.0 7.791342952143752 0 0 0
6.065465470550191 1.0 7.784876933863502 0 0 0
6.060427573234153 1.0 7.778410915583253 0 0 0
5.928589604603 1.0 7.889613776987433 0 0 0
6.065465470550191 1.0 7.784876933863502 0 0 0
5.923665394614181 1.0 7.883060765637413 0 0 0
5.780287502551414 1.0 7.978668310048854 0 0 0
5.78509652335 1.0 7.98530631582817 0 0 0
5.644763222355491 1.0 8.085116381699423 0 0 0
5.502708292688065 1.0 8.182460521607393 0 0 0
5.4981340148827975 1.0 8.175658625965168 0 0 0
5.350065469298942 1.0 8.263547563824927 0 0 0
5.350065469298942 1.0 8.263547563824927 0 0 0
5.20060549970672 1.0 8.348760562673807 0 0 0
5.054014163247696 1.0 8.438307966300409 0 0 0
4.901793029415002 1.0 8.518177129167643 0 0 0
4.756252311998364 1.0 8.609655303265482 0 0 0
4.760215962393953 1.0 8.61683020934912 0 0 0
4.756252311998364 1.0 8.609655303265482 0 0 0
4.601334866046727 1.0 8.684159945417804 0 0 0
4.445267009393535 1.0 8.755881915178858 0 0 0
4.291681112543255 1.0 8.832176409334123 0 0 0
4.1367862712842705 1.0 8.905777127408518 0 0 0
3.9839525468879367 1.0 8.984154863493913 0 0 0
3.9839525468879367 1.0 8.984154863493913 0 0 0
3.980629727881577 1.0 8.97666162149739 0 0 0
4.1333331010606775 1.0 8.89834305603582 0 0 0
4.1367862712842705 1.0 8.905777127408518 0 0 0
4.1367862712842705 1.0 8.905777127408518 0 0 0
3.977306908875218 1.0 8.969168379500868 0 0 0
3.9739840898688588 1.0 8.961675137504345 0 0 0
3.8136847463833754 1.0 9.022157890492178 0 0 0
3.6524859480448675 1.0 9.079777456181342 0 0 0
3.4962904566767707 1.0 9.149834828471956 0 0 0
3.655545064345607 1.0 9.087382165855354 0 0 0
3.8136847463833754 1.0 9.022157890492178 0 0 0
3.8136847463833754 1.0 9.022157890492178 0 0 0
3.6524859480448675 1.0 9.079777456181342 0 0 0
3.807301837696333 1.0 9.00705763606509 0 0 0
3.810493292039854 1.0 9.014607763278633 0 0 0
3.810493292039854 1.0 9.014607763278633 0 0 0
3.6524859480448675 1.0 9.079777456181342 0 0 0
3.655545064345607 1.0 9.087382165855354 0 0 0
3.655545064345607 1.0 9.087382165855354 0 0 0
3.4962904566767707 1.0 9.149834828471956 0 0 0
3.4962904566767707 1.0 9.149834828471956 0 0 0
3.3359694953519976 1.0 9.209496830546628 0 0 0
3.174631077579728 1.0 9.266349975423573 0 0 0
3.0098035691133123 1.0 9.312577233494329 0 0 0
2.8443305025669243 1.0 9.355876150040235 0 0 0
2.682757695731377 1.0 9.412004218041883 0 0 0
2.515873491379313 1.0 9.44949814107073 0 0 0
2.5137645712768104 1.0 9.441577140012232 0 0 0
2.511655651174308 1.0 9.433656138953733 0 0 0
2.346528342142792 1.0 9.476079727272028 0 0 0
2.346528342142792 1.0 9.476079727272028 0 0 0
2.346528342142792 1.0 9.476079727272028 0 0 0
2.1825163717686906 1.0 9.523602968287248 0 0 0
2.1806853519894096 1.0 9.515613151747717 0 0 0
2.1788543322101286 1.0 9.507623335208187 0 0 0
2.1770233124308476 1.0 9.499633518668656 0 0 0
7.5655987091490795 1.0 6.539244312007451 0 0 0
7.69134015343215 1.0 6.390875264328221 0 0 0
7.721487515511432 1.0 6.415925259095551 0 0 0
7.8448012248038195 1.0 6.264547878803045 0 0 0
7.814172403286066 1.0 6.240088913767372 0 0 0
7.965147694113869 1.0 6.1108009780594035 0 0 0
7.965147694113869 1.0 6.1108009780594035 0 0 0
7.996246389937313 1.0 6.134659661934746 0 0 0
8.145595017789411 1.0 6.001241467207524 0 0 0
8.145595017789411 1.0 6.001241467207524 0 0 0
8.292766919313165 1.0 5.864325940811985 0 0 0
8.437682386752789 1.0 5.723947516036604 0 0 0
8.405245333763292 1.0 5.701942896713852 0 0 0
8.437682386752789 1.0 5.723947516036604 0 0 0
8.292766919313165 1.0 5.864325940811985 0 0 0
8.405245333763292 1.0 5.701942896713852 0 0 0
8.54740337856964 1.0 5.558772770142357 0 0 0
8.687159603178557 1.0 5.412222029281825 0 0 0
8.824436133701386 1.0 5.262330183312677 0 0 0
8.925106657324507 1.0 5.089721327475611 0 0 0
8.959155729251053 1.0 5.109138494599667 0 0 0
8.9932048011776 1.0 5.1285556617237225 0 0 0
9.027253873104145 1.0 5.147972828847778 0 0 0
8.959096198690542 1.0 5.342632846705862 0 0 0
8.853500738260056 1.0 5.515854884759055 0 0 0
8.886768965276357 1.0 5.536581455854501 0 0 0
8.920037192292655 1.0 5.557308026949947 0 0 0
9.060091247432407 1.0 5.40285984425075 0 0 0
9.163450160810331 1.0 5.225641497344002 0 0 0
9.263343064672634 1.0 5.046446588897969 0 0 0
9.228922815884875 1.0 5.027695264902809 0 0 0
9.263343064672634 1.0 5.046446588897969 0 0 0
9.163450160810331 1.0 5.225641497344002 0 0 0
9.228922815884875 1.0 5.027695264902809 0 0 0
9.359732175242545 1.0 4.865342898105742 0 0 0
9.297763313460392 1.0 5.0651979128931295 0 0 0
9.359732175242545 1.0 4.865342898105742 0 0 0
9.394510581678475 1.0 4.8834212864177555 0 0 0
9.52282785282904 1.0 4.71719615535914 0 0 0
9.648219903171706 1.0 4.5478206502669 0 0 0
9.683675030358241 1.0 4.564532910268743 0 0 0
9.719130157544777 1.0 4.581245170270586 0 0 0
9.84215947688129 1.0 4.407385102226708 0 0 0
9.889932732152765 1.0 4.199824863362433 0 0 0
9.889932732152765 1.0 4.199824863362433 0 0 0
9.889932732152765 1.0 4.199824863362433 0 0 0
10.006107965576392 1.0 4.0213119735880705 0 0 0
10.082420249777705 1.0 3.825957202396103 0 0 0
10.082420249777705 1.0 3.825957202396103 0 0 0
10.082420249777705 1.0 3.825957202396103 0 0 0
10.045773536271234 1.0 3.812050942389998 0 0 0
10.15491893059678 1.0 3.629155290243346 0 0 0
10.191829156069598 1.0 3.6423462315944537 0 0 0
10.228739381542416 1.0 3.6555371729455612 0 0 0
10.297896138746372 1.0 3.4559219426798604 0 0 0
10.363157790353483 1.0 3.2549995346450493 0 0 0
10.46211627456184 1.0 3.0638620870057296 0 0 0
10.499732897513107 1.0 3.074878227705849 0 0 0
10.499732897513107 1.0 3.074878227705849 0 0 0
10.537349520464375 1.0 3.0858943684059676 0 0 0
10.595369757664914 1.0 2.8803851596184558 0 0 0
10.55754601190899 1.0 2.870102653349363 0 0 0
10.595369757664914 1.0 2.8803851596184558 0 0 0
10.649382371998833 1.0 2.6737864657356263 0 0 0
10.699366933580885 1.0 2.466176431236507 0 0 0
10.699366933580885 1.0 2.466176431236507 0 0 0
10.745304536107986 1.0 2.2576335831324834 0 0 0
10.82568627327712 1.0 2.0555486733177077 0 0 0
10.902257667954885 1.0 1.8511884763801059 0 0 0
10.936196892341101 1.0 1.6388162085824076 0 0 0
11.00486889804278 1.0 1.4308779471273518 0 0 0
11.030614707675014 1.0 1.2165896323363687 0 0 0
11.069574961770865 1.0 1.2208866404780114 0 0 0
11.13026117043946 1.0 1.008918179439536 0 0 0
11.186875068227415 1.0 0.7950497758367144 0 0 0
11.20833407472915 1.0 1.0159952076649574 0 0 0
11.225972953162294 1.0 0.7978284575028262 0 0 0
11.278510216807621 1.0 0.5813777326332004 0 0 0
11.317654746037062 1.0 0.5833955308362371 0 0 0
11.343266607966932 1.0 0.8061645025011612 0 0 0
11.395943804495941 1.0 0.5874311272423105 0 0 0
11.43508833372538 1.0 0.5894489254453472 0 0 0
11.395943804495941 1.0 0.5874311272423105 0 0 0
11.395943804495941 1.0 0.5874311272423105 0 0 0
11.444389049199042 1.0 0.3669530302151148 0 0 0
11.483565416584698 1.0 0.3682091817373311 0 0 0
11.527747781050476 1.0 0.14530639704660378 0 0 0
11.567589072659729 1.0 -0.07917577923555338 0 0 0
11.567589072659729 1.0 -0.07917577923555338 0 0 0
11.5638616190357 1.0 -0.3041220375562894 0 0 0
11.555760217422046 1.0 -0.5289532638904285 0 0 0
11.58240117292493 1.0 -0.756137860522394 0 0 0
11.621514413733848 1.0 -0.7586913036109036 0 0 0
11.56550566612294 1.0 -0.9812441498253041 0 0 0
11.604561851575522 1.0 -0.9845577665919358 0 0 0
11.643618037028105 1.0 -0.9878713833585675 0 0 0
11.682674222480687 1.0 -0.9911850001251992 0 0 0
11.700173018975487 1.0 -1.2222694389148652 0 0 0
11.661188661602182 1.0 -1.218196901821965 0 0 0
0.12337879040584743 1.0 9.999238854736793 0 0 0
0.12327562090595692 1.0 9.990877478615861 0 0 0
0.12337879040584743 1.0 9.999238854736793 0 0 0
0.1915530517357878 1.0 10.006528748944685 0 0 0
0.12337879040584741 1.0 9.999238854736793 0 0 0
0.1915530517357878 1.0 10.006528748944685 0 0 0
0.12337879040584741 1.0 9.999238854736793 0 0 0
0.19139300866095188 1.0 9.998168268049689 0 0 0
0.19123296558611594 1.0 9.989807787154692 0 0 0
0.19107292251128 1.0 9.981447306259696 0 0 0
0.19091287943644406 1.0 9.9730868253647 0 0 0
0.12306928190617589 1.0 9.974154726373998 0 0 0
0.12306928190617589 1.0 9.974154726373998 0 0 0
0.12317245140606639 1.0 9.982516102494928 0 0 0
0.12317245140606639 1.0 9.982516102494928 0 0 0
0.055312572164147915 1.0 9.991484884179327 0 0 0
-0.01264244659524805 1.0 9.98326796985336 0 0 0
-0.08061805856734301 1.0 9.991312746584216 0 0 0
-0.0805505892273112 1.0 9.982951006187053 0 0 0
-0.08061805856734301 1.0 9.991312746584216 0 0 0
-0.08061805856734301 1.0 9.991312746584216 0 0 0
-0.08068552790737482 1.0 9.999674486981379 0 0 0
-0.14882804337554842 1.0 10.007255387397226 0 0 0
-0.14895238959435203 1.0 10.015616475400545 0 0 0
-0.21707742045497652 1.0 10.014371552434497 0 0 0
-0.21689620311100016 1.0 10.006011503699254 0 0 0
-0.21707742045497652 1.0 10.014371552434497 0 0 0
-0.21707742045497652 1.0 10.014371552434497 0 0 0
-0.28543048705368385 1.0 10.021021879122165 0 0 0
-0.28566856713776134 1.0 10.029380501763184 0 0 0
-0.2859066472218389 1.0 10.037739124404204 0 0 0
-0.28614472730591645 1.0 10.046097747045224 0 0 0
-0.3547688564434089 1.0 10.052275715517888 0 0 0
-0.35506378825143153 1.0 10.060632525304525 0 0 0
-0.2866208874740715 1.0 10.062814992327263 0 0 0
-0.286382807389994 1.0 10.054456369686244 0 0 0
-0.35447392463538624 1.0 10.043918905731253 0 0 0
-0.3547688564434089 1.0 10.052275715517888 0 0 0
-0.42278672017263963 1.0 10.04127532425029 0 0 0
-0.49148854471572634 1.0 10.046519149073776 0 0 0
-0.5598158578052211 1.0 10.042943503158956 0 0 0
-0.6286394437078437 1.0 10.047248854923295 0 0 0
-0.6969685473797856 1.0 10.042740260850426 0 0 0
-0.697547480519732 1.0 10.051082208524733 0 0 0
-0.6981264136596784 1.0 10.05942415619904 0 0 0
-0.7665367288616697 1.0 10.054442614440452 0 0 0
-0.7671723924129136 1.0 10.062780431086974 0 0 0
-0.7678080559641576 1.0 10.071118247733496 0 0 0
-0.8362963048954354 1.0 10.065662445217022 0 0 0
-0.8356039403455552 1.0 10.057329145395734 0 0 0
-0.8356039403455552 1.0 10.057329145395734 0 0 0
-0.9039968242150538 1.0 10.051412499034978 0 0 0
-0.9047458577273083 1.0 10.059740896442579 0 0 0
-0.9047458577273083 1.0 10.059740896442579 0 0 0
-0.9047458577273083 1.0 10.059740896442579 0 0 0
-0.905494891239563 1.0 10.06806929385018 0 0 0
-0.9062439247518175 1.0 10.07639769125778 0 0 0
-0.9755705506929255 1.0 10.078323204301867 0 0 0
-1.044103002691545 1.0 10.071453987856929 0 0 0
-1.044103002691545 1.0 10.071453987856929 0 0 0
-1.0449652675328933 1.0 10.079771424596982 0 0 0
-1.0458275323742416 1.0 10.088088861337035 0 0 0
-1.0458275323742416 1.0 10.088088861337035 0 0 0
-1.1153436091148126 1.0 10.089052894154765 0 0 0
-1.1829704765909623 1.0 10.072927725007188 0 0 0
-1.183945813172513 1.0 10.08123266167968 0 0 0
-1.1849211497540635 1.0 10.089537598352171 0 0 0
-1.254556847239266 1.0 10.089542182651378 0 0 0
-1.3242473865988638 1.0 10.089065878604005 0 0 0
-1.3917002467142705 1.0 10.071541329992739 0 0 0
-1.4601769395507591 1.0 10.061841662621244 0 0 0
-1.4613778571696998 1.0 10.070116990497162 0 0 0
-1.4601769395507591 1.0 10.061841662621244 0 0 0
-1.5285860688315185 1.0 10.051676425782452 0 0 0
-1.5956110840460307 1.0 10.032787865203074 0 0 0
-1.5969244692113818 1.0 10.041046089830004 0 0 0
-1.6651889786178653 1.0 10.029951146638057 0 0 0
-1.6638194495360654 1.0 10.021702047009885 0 0 0
-1.6651889786178653 1.0 10.029951146638057 0 0 0
-1.7333764383974792 1.0 10.01839210957851 0 0 0
-1.7348020480265212 1.0 10.02663170251548 0 0 0
-1.8029653176740668 1.0 10.01459921849047 0 0 0
-1.869507592433867 1.0 9.993883914689453 0 0 0
-1.869507592433867 1.0 9.993883914689453 0 0 0
-1.9390384329151737 1.0 9.989144678069458 0 0 0
-2.008591228571387 1.0 9.983921557785287 0 0 0
-2.006941982296779 1.0 9.975723799475414 0 0 0
-2.076457639981774 1.0 9.970027686263716 0 0 0
-2.1442279720351474 1.0 9.955672493581021 0 0 0
-2.1459885891007238 1.0 9.963847056696553 0 0 0
-2.1477492061663 1.0 9.972021619812082 0 0 0
-2.149509823231877 1.0 9.980196182927614 0 0 0
-2.1512704402974534 1.0 9.988370746043145 0 0 0
-2.15303105736303 1.0 9.996545309158677 0 0 0
-2.154791674428606 1.0 10.004719872274208 0 0 0
-2.222796178248263 1.0 9.989831031245235 0 0 0
-2.2925694935092813 1.0 9.982629807702889 0 0 0
-2.360420548194136 1.0 9.966804282008878 0 0 0
-2.4281623843309275 1.0 9.95051758430324 0 0 0
8.098660211833423 1.0 5.8661488877513355 0 0 0
8.07031860398546 1.0 5.845620048782208 0 0 0
8.041976996137496 1.0 5.825091209813079 0 0 0
8.041976996137496 1.0 5.825091209813079 0 0 0
8.041976996137496 1.0 5.825091209813079 0 0 0
7.908053770571767 1.0 5.947603047884882 0 0 0
7.880085570379671 1.0 5.926568320816461 0 0 0
7.908053770571767 1.0 5.947603047884882 0 0 0
7.880085570379671 1.0 5.926568320816461 0 0 0
7.744747716090477 1.0 6.0456560467991745 0 0 0
7.717161952359627 1.0 6.024122222145532 0 0 0
7.580489027952393 1.0 6.139774875964451 0 0 0
7.689576188628776 1.0 6.00258839749189 0 0 0
7.661990424897926 1.0 5.981054572838247 0 0 0
7.689576188628776 1.0 6.00258839749189 0 0 0
7.661990424897926 1.0 5.981054572838247 0 0 0
7.634404661167076 1.0 5.959520748184605 0 0 0
7.553294606028513 1.0 6.11774890536032 0 0 0
7.415366101512955 1.0 6.229957275858714 0 0 0
7.388571800407251 1.0 6.207446269815335 0 0 0
7.361777499301549 1.0 6.184935263771957 0 0 0
7.334983198195846 1.0 6.162424257728578 0 0 0
7.196696039228412 1.0 6.270225339868197 0 0 0
7.1088481572932185 1.0 6.421972370433074 0 0 0
6.966777268149963 1.0 6.524735564738243 0 0 0
6.823316925501496 1.0 6.624474592869974 0 0 0
6.823316925501496 1.0 6.624474592869974 0 0 0
6.798208272779619 1.0 6.600097646315487 0 0 0
6.703196422793485 1.0 6.7459969770867545 0 0 0
6.6051286110725425 1.0 6.890604888176514 0 0 0
6.504020715564764 1.0 7.033858527263781 0 0 0
6.52777955518875 1.0 7.059552836060668 0 0 0
6.504020715564764 1.0 7.033858527263781 0 0 0
6.353303156952893 1.0 7.123461145371929 0 0 0
6.201473066973706 1.0 7.20992713534712 0 0 0
6.048594346639406 1.0 7.293245580041187 0 0 0
5.938435807333428 1.0 7.428074963245535 0 0 0
5.916583367526591 1.0 7.400740903186396 0 0 0
5.938435807333428 1.0 7.428074963245535 0 0 0
5.938435807333428 1.0 7.428074963245535 0 0 0
5.804020186537629 1.0 7.5335693513552195 0 0 0
5.804020186537629 1.0 7.5335693513552195 0 0 0
5.782662373490739 1.0 7.505847089782934 0 0 0
5.64687459743862 1.0 7.608530209034522 0 0 0
5.626018305965646 1.0 7.580428695359589 0 0 0
5.468567800942426 1.0 7.6518137244982745 0 0 0
5.310374988962801 1.0 7.719997395587982 0 0 0
5.151503909928932 1.0 7.7849761965317485 0 0 0
5.132191922214904 1.0 7.755791832646933 0 0 0
4.973233960856287 1.0 7.817221256401657 0 0 0
4.813731505125538 1.0 7.875452106425073 0 0 0
4.795480502163212 1.0 7.845592755198074 0 0 0
4.653748002195295 1.0 7.930484755619125 0 0 0
4.527679613496449 1.0 8.04331238990268 0 0 0
4.54484606616428 1.0 8.073808174326615 0 0 0
4.54484606616428 1.0 8.073808174326615 0 0 0
4.527679613496449 1.0 8.04331238990268 0 0 0
4.3658222177031085 1.0 8.092561726082412 0 0 0
4.3658222177031085 1.0 8.092561726082412 0 0 0
4.219721882523241 1.0 8.16969437379383 0 0 0
4.3658222177031085 1.0 8.092561726082412 0 0 0
4.203662145330403 1.0 8.138601532075436 0 0 0
4.203662145330403 1.0 8.138601532075436 0 0 0
4.0567608069773025 1.0 8.212813286868107 0 0 0
4.041262293975577 1.0 8.181436925390658 0 0 0
4.025763780973852 1.0 8.150060563913211 0 0 0
3.893617563481845 1.0 8.252723996487473 0 0 0
3.7590771174510835 1.0 8.353259816086178 0 0 0
3.744715879914205 1.0 8.321346890472292 0 0 0
3.5808197589021447 1.0 8.355117657454633 0 0 0
3.4433343199436006 1.0 8.450512401857832 0 0 0
3.4301289009816873 1.0 8.418104117810872 0 0 0
3.2909517367318792 1.0 8.511013321535568 0 0 0
3.2783307152367334 1.0 8.478373012388026 0 0 0
3.2783307152367334 1.0 8.478373012388026 0 0 0
3.265709693741588 1.0 8.445732703240482 0 0 0
3.265709693741588 1.0 8.445732703240482 0 0 0
3.1014091064397626 1.0 8.470181290594383 0 0 0
2.937288138007521 1.0 8.491463132932486 0 0 0
2.7950956362524804 1.0 8.57613840403972 0 0 0
2.784251492221887 1.0 8.542865524617104 0 0 0
2.784251492221887 1.0 8.542865524617104 0 0 0
2.773407348191294 1.0 8.50959264519449 0 0 0
2.773407348191294 1.0 8.50959264519449 0 0 0
2.6303160233200584 1.0 8.591510074550168 0 0 0
2.4755314253610066 1.0 8.637381079105019 0 0 0
2.3109118999229925 1.0 8.646654931066921 0 0 0
2.301876133323067 1.0 8.612846132111919 0 0 0
2.2928403667231407 1.0 8.579037333156917 0 0 0
2.301876133323067 1.0 8.612846132111919 0 0 0
2.2928403667231407 1.0 8.579037333156917 0 0 0
2.1299074541519234 1.0 8.584881384738559 0 0 0
1.967507450592115 1.0 8.58765122646373 0 0 0
1.959692178180619 1.0 8.553539623130522 0 0 0
1.7984968838527127 1.0 8.553121430130318 0 0 0
1.6445362640348093 1.0 8.58405368785965 0 0 0
1.6445362640348093 1.0 8.58405368785965 0 0 0
1.4840786419321808 1.0 8.577731687711447 0 0 0
1.4781125353706561 1.0 8.543248568111784 0 0 0
7.382263429009253 1.0 6.745530866041052 0 0 0
7.390391254938771 1.0 6.711075596774384 0 0 0
7.356877518428734 1.0 6.722334532690153 0 0 0
7.364933623151141 1.0 6.687957999133331 0 0 0
7.372847480798644 1.0 6.653596158069432 0 0 0
7.3600829264021685 1.0 6.642076837981359 0 0 0
7.3600829264021685 1.0 6.642076837981359 0 0 0
7.380619260002342 1.0 6.619249560490044 0 0 0
7.367819089546922 1.0 6.607769829633258 0 0 0
7.355018919091502 1.0 6.596290098776473 0 0 0
7.362577803982683 1.0 6.56203869346923 0 0 0
7.362577803982683 1.0 6.56203869346923 0 0 0
7.369995200081986 1.0 6.527803850384763 0 0 0
7.377271282829144 1.0 6.493586117014724 0 0 0
7.384406229696829 1.0 6.459386039921853 0 0 0
7.371464826258028 1.0 6.448065763367536 0 0 0
7.378423818008495 1.0 6.413924024186323 0 0 0
7.385242159383175 1.0 6.379801139796208 0 0 0
7.404966060158045 1.0 6.356897197846063 0 0 0
7.41153827875011 1.0 6.322773192654638 0 0 0
7.417970279176584 1.0 6.288669562364223 0 0 0
7.404855130139327 1.0 6.277551044029364 0 0 0
7.424262251021282 1.0 6.254586847810595 0 0 0
7.430414385871899 1.0 6.22052558884961 0 0 0
7.436426877315742 1.0 6.186486324349981 0 0 0
7.423208987936569 1.0 6.175490143895297 0 0 0
7.409991098557396 1.0 6.164493963440613 0 0 0
7.429048037923491 1.0 6.141514402508615 0 0 0
7.434747964778374 1.0 6.1075618354179015 0 0 0
7.434747964778374 1.0 6.1075618354179015 0 0 0
7.440308968386468 1.0 6.073632978093068 0 0 0
7.421462215252008 1.0 6.096647741605096 0 0 0
7.408176465725643 1.0 6.085733647792292 0 0 0
7.413669991191487 1.0 6.051887191583185 0 0 0
7.381604966672912 1.0 6.063905460166682 0 0 0
7.368319217146546 1.0 6.052991366353877 0 0 0
7.381604966672912 1.0 6.063905460166682 0 0 0
7.400350502593997 1.0 6.041014298328243 0 0 0
7.405671950909027 1.0 6.007233599789918 0 0 0
7.424241849071319 1.0 5.984268170246361 0 0 0
7.442740530352031 1.0 5.961245336738023 0 0 0
7.456160468273 1.0 5.9719940041172555 0 0 0
7.442740530352031 1.0 5.961245336738023 0 0 0
7.44771465330808 1.0 5.927458268100282 0 0 0
7.452551011121549 1.0 5.893697673889845 0 0 0
7.466037272141143 1.0 5.9043630078247675 0 0 0
7.484288273170921 1.0 5.881211110073038 0 0 0
7.516019547977851 1.0 5.868584388192819 0 0 0
7.502467481325074 1.0 5.858002796929179 0 0 0
7.520574722219939 1.0 5.83473829101844 0 0 0
7.5249924698666275 1.0 5.8009203729265195 0 0 0
7.542922808813555 1.0 5.777586377101049 0 0 0
7.547098676991366 1.0 5.743784068792986 0 0 0
7.564851949123063 1.0 5.720381880348021 0 0 0
7.596279009183802 1.0 5.707252759359528 0 0 0
7.596279009183802 1.0 5.707252759359528 0 0 0
7.627697176851487 1.0 5.693983742110803 0 0 0
7.6452958223866885 1.0 5.670332165346837 0 0 0
7.6591058867186 1.0 5.680574758152396 0 0 0
7.690504572857205 1.0 5.667025739196172 0 0 0
7.6766628517209945 1.0 5.656825967619346 0 0 0
7.662821130584785 1.0 5.6466261960425195 0 0 0
7.648979409448574 1.0 5.636426424465694 0 0 0
7.652526443006444 1.0 5.602552356582855 0 0 0
7.666399688170538 1.0 5.612709209089856 0 0 0
7.652526443006444 1.0 5.602552356582855 0 0 0
7.669841791003844 1.0 5.578824317912862 0 0 0
7.701019459889777 1.0 5.565113486981408 0 0 0
7.687083566207458 1.0 5.555042764489594 0 0 0
7.701019459889777 1.0 5.565113486981408 0 0 0
7.732185638369338 1.0 5.551262949182397 0 0 0
7.732185638369338 1.0 5.551262949182397 0 0 0
7.718218620797632 1.0 5.541235436809745 0 0 0
7.721345737375219 1.0 5.507320026390557 0 0 0
7.735343744857994 1.0 5.517304232455348 0 0 0
7.73836580468022 1.0 5.4833792994941355 0 0 0
7.7243369415619645 1.0 5.473438495510489 0 0 0
7.7243369415619645 1.0 5.473438495510489 0 0 0
7.7271924735119635 1.0 5.439591360307639 0 0 0
7.744002745651235 1.0 5.415632849924338 0 0 0
7.75809291603105 1.0 5.425486564092092 0 0 0
7.772183086410865 1.0 5.435340278259847 0 0 0
7.788979976444955 1.0 5.411242444735265 0 0 0
7.77485935502715 1.0 5.40143241746685 0 0 0
7.760738733609345 1.0 5.391622390198435 0 0 0
7.746618112191539 1.0 5.381812362930019 0 0 0
7.749098402838615 1.0 5.34802771891656 0 0 0
7.751443864994646 1.0 5.314279429747422 0 0 0
7.753654747935461 1.0 5.280568006096497 0 0 0
7.755731302805528 1.0 5.246893957441426 0 0 0
7.741490234654862 1.0 5.23725961459097 0 0 0
7.771944621647812 1.0 5.222847981704284 0 0 0
7.757673782612936 1.0 5.213257792056905 0 0 0
7.74340294357806 1.0 5.203667602409526 0 0 0
7.7737829152507185 1.0 5.189205961458668 0 0 0
7.7880833882770855 1.0 5.19875190590928 0 0 0
7.789817478041698 1.0 5.165104353512929 0 0 0
7.79141798797922 1.0 5.1314960196392745 0 0 0
7.777058658783766 1.0 5.122038839864701 0 0 0
0.8170025661473748 1.0 9.966569460296187 0 0 0
1.0190299239474578 1.0 9.947943406257378 0 0 0
1.0199456026712814 1.0 9.956882417672885 0 0 0
1.0190299239474578 1.0 9.947943406257378 0 0 0
1.219540989501063 1.0 9.916303986462903 0 0 0
1.419188198085065 1.0 9.880627323263838 0 0 0
1.4179106496487162 1.0 9.87173281582359 0 0 0
1.4166331012123676 1.0 9.862838308383342 0 0 0
1.6164326166061882 1.0 9.832068675346822 0 0 0
1.8155667762781043 1.0 9.79725196785505 0 0 0
1.8172040911863439 1.0 9.806087328204413 0 0 0
2.017586061013312 1.0 9.77600316741032 0 0 0
2.0194022851905733 1.0 9.784803492537824 0 0 0
2.219489009201573 1.0 9.750582984521152 0 0 0
2.0194022851905733 1.0 9.784803492537824 0 0 0
2.21749462334918 1.0 9.741821317003858 0 0 0
2.215500237496787 1.0 9.733059649486563 0 0 0
2.414674196743713 1.0 9.69482921461711 0 0 0
2.6132080157706996 1.0 9.652520078524145 0 0 0
2.416845923342468 1.0 9.703548618048085 0 0 0
2.6108598423513194 1.0 9.643846528258864 0 0 0
2.6108598423513194 1.0 9.643846528258864 0 0 0
2.808494459954792 1.0 9.597518370308194 0 0 0
2.808494459954792 1.0 9.597518370308194 0 0 0
3.005322967286649 1.0 9.547137286855746 0 0 0
3.2012621964544077 1.0 9.492716937836132 0 0 0
3.198390770398688 1.0 9.484202285463992 0 0 0
3.2012621964544077 1.0 9.492716937836132 0 0 0
3.3901420524395047 1.0 9.41736339832191 0 0 0
3.583712355947673 1.0 9.355039297734512 0 0 0
3.583712355947673 1.0 9.355039297734512 0 0 0
3.776148001555767 1.0 9.288734051097482 0 0 0
3.967367062855911 1.0 9.21846807058337 0 0 0
4.15356903300489 1.0 9.136083365855516 0 0 0
4.341945441069122 1.0 9.058041026264506 0 0 0
4.5207679584607865 1.0 8.960067636215328 0 0 0
4.705823407265243 1.0 8.87444778599471 0 0 0
4.889263957492962 1.0 8.78500423200639 0 0 0
5.071010569895841 1.0 8.691767291345174 0 0 0
5.2509847713502635 1.0 8.59476891552119 0 0 0
5.255669518223494 1.0 8.60243687087745 0 0 0
5.260354265096723 1.0 8.61010482623371 0 0 0
5.265039011969952 1.0 8.617772781589972 0 0 0
5.443626724778293 1.0 8.516756687986774 0 0 0
5.448466070149127 1.0 8.524328023997915 0 0 0
5.6252728897919155 1.0 8.419510173379116 0 0 0
5.6252728897919155 1.0 8.419510173379116 0 0 0
5.630264841689827 1.0 8.426981773533084 0 0 0
5.635256793587738 1.0 8.434453373687052 0 0 0
5.640248745485649 1.0 8.44192497384102 0 0 0
5.810352401098413 1.0 8.325761715901017 0 0 0
5.983355339055412 1.0 8.21343435370558 0 0 0
5.988646277678192 1.0 8.220697298087977 0 0 0
5.993937216300971 1.0 8.227960242470376 0 0 0
6.154190101406744 1.0 8.097511500559113 0 0 0
6.154190101406744 1.0 8.097511500559113 0 0 0
5.993937216300971 1.0 8.227960242470376 0 0 0
5.993937216300971 1.0 8.227960242470376 0 0 0
5.999228154923751 1.0 8.235223186852775 0 0 0
6.004519093546531 1.0 8.242486131235173 0 0 0
6.1759388844135685 1.0 8.12612794197854 0 0 0
6.170501688661862 1.0 8.118973831623682 0 0 0
6.165064492910156 1.0 8.111819721268827 0 0 0
6.165064492910156 1.0 8.111819721268827 0 0 0
6.15962729715845 1.0 8.104665610913969 0 0 0
6.154190101406744 1.0 8.097511500559113 0 0 0
6.322781953263384 1.0 7.9780349382612945 0 0 0
6.3283631680864145 1.0 7.985077269814908 0 0 0
6.333944382909445 1.0 7.992119601368521 0 0 0
6.1759388844135685 1.0 8.12612794197854 0 0 0
6.339525597732477 1.0 7.999161932922134 0 0 0
6.506225773146249 1.0 7.875830964164698 0 0 0
6.5005028365906 1.0 7.868903310175658 0 0 0
6.658804339563943 1.0 7.73540569077151 0 0 0
6.6529420369498595 1.0 7.728595565906815 0 0 0
6.658804339563943 1.0 7.73540569077151 0 0 0
6.8203642022469655 1.0 7.605413817535246 0 0 0
6.826363457879467 1.0 7.612103610093146 0 0 0
6.832362713511969 1.0 7.618793402651046 0 0 0
6.991655582864542 1.0 7.485181400076727 0 0 0
6.997789322102867 1.0 7.4917481066765435 0 0 0
6.997789322102867 1.0 7.4917481066765435 0 0 0
7.003923061341193 1.0 7.498314813276359 0 0 0
6.997789322102867 1.0 7.4917481066765435 0 0 0
7.154602688639849 1.0 7.3546803911450915 0 0 0
7.302337339582584 1.0 7.208018636707635 0 0 0
7.453588028894833 1.0 7.064571357856449 0 0 0
7.46010985413245 1.0 7.070752796862201 0 0 0
7.466631679370066 1.0 7.076934235867952 0 0 0
7.473153504607684 1.0 7.083115674873704 0 0 0
7.6086673720000535 1.0 6.923999396045205 0 0 0
7.740803970791125 1.0 6.762302716962842 0 0 0
7.883285946541711 1.0 6.609643674149956 0 0 0
8.022757254739233 1.0 6.453984583077391 0 0 0
8.029758719476572 1.0 6.459616979027929 0 0 0
8.166269060251246 1.0 6.30087401673837 0 0 0
8.029758719476572 1.0 6.459616979027929 0 0 0
8.152040479691314 1.0 6.289895625886479 0 0 0
8.152040479691314 1.0 6.289895625886479 0 0 0
